#COMMON ORIGIN (DATE, TIME)
2009 04 06  01. 32. 39.
#STATIONS
9
#OUT_DT OUT_SAMPLES ARTIFICIAL_TIMESHIFT
0.4     512         30.
#FILTERS (NUMBER OF FILTERS, PARAMETERS)
2
0.05  0.5
0.00  0.5
--------------------------------------------------------------------------------------------------
LAT       LONG        DATE_BEGIN  TIME_BEGIN    DT     DIVIDE  DETREND FILTER  INTEGRATE  FILENAME
--------------------------------------------------------------------------------------------------
42.373474 13.337026   2009 04 06  01 32 12.0    0.005  100.    1       1       2          AQG_.txt
42.353880 13.401930   2009 04 06  01 32 39.0    0.010  100.    1       1       2          AQU_.txt
42.420685 13.519362   2009 04 06  01 32 29.0    0.005  100.    1       1       2          GSA_.txt
42.524025 13.244783   2009 04 06  01 32 31.0    0.005  100.    1       1       2          MTR_.txt
42.418175 13.078653   2009 04 06  01 32 16.0    0.005  100.    1       1       2          ANT_.txt
42.268024 13.117216   2009 04 06  01 32 15.0    0.005  100.    1       1       2          FMG_.txt
42.085182 13.520725   2009 04 06  01 32 18.0    0.005  100.    1       1       2          CLN_.txt
42.327    13.386      2009 04 06  01 32 35.0    0.100  100.    0       2       0          ROIO.10hz.nev
42.293    13.483      2009 04 06  01 32 35.0    0.100  100.    0       2       0          CADO.10hz.nev
